               GLEN CANYON  LEFT SPILLWAY TUNNEL             
 NO OF PLOTS   1  NO STA  27
 DISCHARGE
    283.168
 STATION
    637.468   643.524   649.821   656.253   662.071   678.863   685.800   695.651
    709.038   714.756   720.852   732.620   743.712   746.760   754.380   762.634
    778.764   796.052   800.100   801.014   807.720   822.960   853.440   944.880
   1021.080  1097.280  1112.520
 ELEVATION
   1099.481  1093.488  1086.021  1077.145  1068.836  1044.857  1034.946  1020.876
   1001.759   994.312   987.653   977.451   970.200   968.536   964.902   961.763
    957.740   956.270   956.255   956.252   956.228   956.175   956.069   955.749
    955.481   955.215   955.164
 FLOW DEPTH
       .744      .787     1.020     1.399     1.552     1.434     1.389     1.377
      1.318     1.313     1.300     1.283     1.277     1.279     1.277     1.280
      1.290     1.316     1.313     1.315     1.326     1.351     1.402     1.554
      1.679     1.802     1.826
 PIEZOMETRIC PRESSURE
       .159      .150      .177      .223      .291      .822      .797      .790
       .756     3.032     3.166     3.329     3.471     3.536     3.576     3.622
      3.650     3.639     1.313     1.315     1.326     1.351     1.402     1.554
      1.679     1.802     1.826
 SIGMA
      .4248     .3501     .2896     .2396     .2071     .1600     .1458     .1298
      .1139     .1392     .1366     .1332     .1331     .1344     .1344     .1357
      .1394     .1474     .1199     .1203     .1235     .1308     .1463     .2007
      .2541     .3158     .3290
 DAMAGE POTENTIAL
   .720E+01  .188E+02  .470E+02  .114E+03  .224E+03  .722E+03  .109E+04  .181E+04
   .319E+04  .137E+04  .149E+04  .166E+04  .165E+04  .158E+04  .157E+04  .149E+04
   .130E+04  .989E+03  .236E+04  .232E+04  .206E+04  .157E+04  .928E+03  .205E+03
   .635E+02  .206E+02  .165E+02
 BOUNDARY LAYER THICKNESS
        .20       .27       .35       .42       .48       .64       .70       .78
        .89       .93       .97      1.04      1.10      1.11      1.15      1.18
       1.25      1.32      1.31      1.31      1.33      1.35      1.40      1.55
       1.68      1.80      1.83
