    283.168     .7437 .30480000   1   0   .785000   609.600 
1127.760 
 GLEN CANYON - SINUSOIDAL PRESSURE              
   27 
    5   2 
    637.468  1099.481    22.372  12.65530  2.944368  2.081784    
 1.83     -75.2 .000000 
    5   2 
    643.524  1093.488    20.038  10.52779  5.017008  3.563112    
  .00    -100.5 .000000 
    5   2 
    649.821  1086.021    17.648   8.91540  6.547104  5.382768    
  .00    -135.3 .000000 
    5   2 
    656.253  1077.145    15.639   7.82422  7.278624  6.982968    
  .00    -181.3 .000000 
    2   2 
    662.071  1068.836     7.355    -233.3 .000000 
    2   2 
    678.860  1035.130     6.800        .0 .000000 
    2   2 
    684.640  1022.380     6.800     366.0 .000000 
    2   2 
    695.310  1000.890     6.248      70.0 .000000 
    2   2 
    709.220   981.400     6.248      38.7 .000000 
    2   2 
    714.960   975.840     6.248      35.9 .000000 
    2   2 
    721.280   970.930     6.248      35.0 .000000 
    2   2 
    731.690   965.000     6.248      37.0 .000000 
    2   2 
    742.920   960.830     6.248      44.1 .000000 
    2   2 
    746.790   959.810     6.248      48.1 .000000 
    2   2 
    754.640   958.270     6.248      60.5 .000000 
    2   2 
    762.580   957.290     6.248      83.0 .000000 
    2   2 
    778.550   956.440     6.248     239.0 .000000 
    2   2 
    794.550   956.270     6.248    5680.0 .000000 
    2   2 
    800.100   956.255     6.248        .0 .000000 
    2   2 
    801.014   956.252     6.248        .0 .000000 
    2   2 
    807.720   956.228     6.248        .0 .000000 
    2   2 
    822.960   956.175     6.248        .0 .000000 
    2   2 
    853.440   956.069     6.248        .0 .000000 
    2   2 
    944.880   955.749     6.248        .0 .000000 
    2   2 
   1021.080   955.481     6.248        .0 .000000 
    2   2 
   1097.280   955.215     6.248        .0 .000000 
    2   2 
   1112.520   955.164     6.248        .0 .000000 
