1                                                   GLEN CANYON  LEFT SPILLWAY TUNNEL             
                                     ------------------------------------------------------------
 
 
                             Q =  283.168 CMS   INITIAL DEPTH =  .744 M   RUGOSITY =   .30 MM   N = .0136
 
 
                                                                  ENERGY                                 DEPTH           THICKNESS
 STATION   INVERT ELEV   SLOPE     DEPTH    VELOCITY    PIEZ    GRADE LINE  Q AIR/Q WATER  PROFILE  NORMAL  CRITICAL  BOUNDARY LAYER 
    M           M                    M       M/SEC       M          M                                 M        M             M
 
   637.5     1099.48     .7850      .744     20.477     .585     1119.757        .000         S2      .430    3.038         .198
   643.5     1093.49     .9896      .787     22.554     .150     1119.757        .000         S2      .456    3.301         .273
   649.8     1086.02    1.1858     1.020     24.846     .177     1118.052        .000         S2      .590    4.090         .346
   656.3     1077.15    1.3800     1.399     27.401     .223     1116.087        .000         S2      .846    5.092         .418
   662.1     1068.84    1.4281     1.552     29.592     .291     1114.171        .000         S2      .999    5.527         .481
   678.9     1044.86    1.4280     1.434     34.665     .822     1107.532        .000         S2     1.019    5.705         .637
   685.8     1034.95    1.4287     1.389     36.296     .797     1104.237        .000         S2     1.019    5.720         .699
   695.7     1020.88    1.4283     1.377     38.485     .790     1099.089        .000         S2     1.043    5.877         .783
   709.0     1001.76    1.4280     1.318     41.048     .756     1091.196        .000         S2     1.043    5.887         .890
   714.8      994.31    1.3024     1.313     41.241    3.032     1088.013        .000         S2     1.051    5.918         .933
   720.9      987.65    1.0924     1.300     41.877    3.166     1084.738        .000         S2     1.070    5.765         .973
   732.6      977.45     .8669     1.283     42.705    3.329     1078.968        .000         S2     1.101    5.603        1.041
   743.7      970.20     .6537     1.277     42.977    3.471     1074.040        .000         S2     1.151    5.467        1.097
   746.8      968.54     .5459     1.279     42.887    3.536     1072.766        .000         S2     1.189    5.408        1.112
   754.4      964.90     .4769     1.277     42.962    3.576     1069.697        .000         S2     1.221    5.371        1.147
   762.6      961.76     .3803     1.280     42.845    3.622     1066.538        .000         S3     1.280    5.328        1.184
   778.8      957.74     .2494     1.290     42.321    3.650     1060.526        .000         S3     1.407    5.282        1.253
   796.1      956.27     .0850     1.316     41.137    3.639     1054.316        .000         S3     1.826    5.256        1.316
   800.1      956.26     .0037     1.313     41.236    1.313     1052.931        .614         S3     4.102    5.178        1.313
   801.0      956.25     .0033     1.315     41.166    1.315     1052.607        .660         S3     4.245    5.178        1.315
   807.7      956.23     .0036     1.326     40.661    1.326     1050.277        .587         S3     4.143    5.178        1.326
   823.0      956.17     .0035     1.351     39.553    1.351     1045.263        .523         S3     4.174    5.178        1.351
   853.4      956.07     .0035     1.402     37.488    1.402     1036.285        .399         S3     4.175    5.178        1.402
   944.9      955.75     .0035     1.554     32.241    1.554     1015.599        .000         S3     4.168    5.178        1.554
  1021.1      955.48     .0035     1.679     28.817    1.679     1003.732        .000         S3     4.162    5.178        1.679
  1097.3      955.22     .0035     1.802     26.001    1.802      994.932        .000         S3     4.171    5.178        1.802
  1112.5      955.16     .0033     1.826     25.501    1.826      993.459        .000         S3     4.219    5.178        1.826
 
 
 
                                                                            ENERGY GRADE LINE AT BEGINNING OF BOUNDARY LAYER
                                                                                                 1127.665
1                                                   GLEN CANYON  LEFT SPILLWAY TUNNEL             
                                     ------------------------------------------------------------
 
 
                             Q =  283.168 CMS   INITIAL DEPTH =  .744 M   RUGOSITY =   .30 MM   N = .0136
 
 
                                                      CAVITATION CHARACTERISTICS 
 
                                                                             DAMAGE POTENTIAL 
                           SIGMA OF      REQUIRED               CIRCULAR ARC              90-DEGREE OFFSET 
        STATION   FLOW     UNIFORM      CHAMFER TO       1/4-IN    1/2-IN    1-IN       1/4-IN    1/2-IN    1-IN     TURBULENCE
                 SIGMA    ROUGHNESS   STOP CAVITATION     5-MM     10-MM     25-MM       5-MM     10-MM     25-MM     INTENSITY
 
 
         637.47   .425      .052         1 TO   8       .244E+01  .720E+01  .243E+02  .578E+01  .157E+02  .517E+02     .0321
         643.52   .350      .051         1 TO  11       .727E+01  .188E+02  .588E+02  .135E+02  .343E+02  .108E+03     .0310
         649.82   .290      .049         1 TO  14       .195E+02  .470E+02  .139E+03  .310E+02  .755E+02  .230E+03     .0303
         656.25   .240      .048         1 TO  18       .497E+02  .114E+03  .328E+03  .708E+02  .167E+03  .496E+03     .0297
         662.07   .207      .048         1 TO  23       .994E+02  .224E+03  .628E+03  .132E+03  .305E+03  .893E+03     .0292
         678.86   .160      .048         1 TO  32       .331E+03  .722E+03  .198E+04  .385E+03  .870E+03  .249E+04     .0284
         685.80   .146      .049         1 TO  37       .503E+03  .109E+04  .296E+04  .563E+03  .126E+04  .360E+04     .0282
         695.65   .130      .049         1 TO  43       .844E+03  .181E+04  .490E+04  .902E+03  .201E+04  .569E+04     .0279
         709.04   .114      .049         1 TO  52       .150E+04  .319E+04  .857E+04  .152E+04  .336E+04  .946E+04     .0275
         714.76   .139      .049         1 TO  39       .636E+03  .137E+04  .372E+04  .636E+03  .143E+04  .406E+04     .0274
         720.85   .137      .049         1 TO  40       .692E+03  .149E+04  .404E+04  .681E+03  .153E+04  .433E+04     .0273
         732.62   .133      .049         1 TO  42       .769E+03  .166E+04  .448E+04  .740E+03  .165E+04  .470E+04     .0271
         743.71   .133      .049         1 TO  42       .766E+03  .165E+04  .446E+04  .724E+03  .162E+04  .460E+04     .0270
         746.76   .134      .049         1 TO  41       .731E+03  .158E+04  .426E+04  .689E+03  .154E+04  .439E+04     .0270
         754.38   .134      .049         1 TO  41       .727E+03  .157E+04  .424E+04  .679E+03  .152E+04  .432E+04     .0269
         762.63   .136      .049         1 TO  41       .691E+03  .149E+04  .404E+04  .640E+03  .143E+04  .408E+04     .0268
         778.76   .139      .049         1 TO  39       .601E+03  .130E+04  .352E+04  .548E+03  .123E+04  .352E+04     .0267
         796.05   .147      .049         1 TO  36       .455E+03  .989E+03  .269E+04  .412E+03  .932E+03  .267E+04     .0265
         800.10   .120      .049         1 TO  49       .110E+04  .236E+04  .635E+04  .998E+03  .222E+04  .629E+04     .0265
         801.01   .120      .049         1 TO  48       .108E+04  .232E+04  .624E+04  .982E+03  .219E+04  .619E+04     .0265
         807.72   .123      .049         1 TO  47       .958E+03  .206E+04  .555E+04  .870E+03  .194E+04  .550E+04     .0265
         822.96   .131      .049         1 TO  43       .729E+03  .157E+04  .425E+04  .662E+03  .148E+04  .422E+04     .0265
         853.44   .146      .049         1 TO  37       .427E+03  .928E+03  .253E+04  .388E+03  .878E+03  .252E+04     .0264
         944.88   .201      .048         1 TO  24       .905E+02  .205E+03  .578E+03  .822E+02  .194E+03  .577E+03     .0261
        1021.08   .254      .047         1 TO  17       .267E+02  .635E+02  .187E+03  .242E+02  .604E+02  .187E+03     .0260
        1097.28   .316      .046         1 TO  13       .792E+01  .206E+02  .643E+02  .710E+01  .195E+02  .647E+02     .0258
        1112.52   .329      .046         1 TO  12       .618E+01  .165E+02  .523E+02  .553E+01  .156E+02  .527E+02     .0258
