    283.168     .7437 .30480000   1   0   .785000   609.600 
1127.760 
  GLEN CANYON - EQUAL CAVITATION NUMBER             
   27 
    5   2 
    637.468  1099.481    22.372  12.65530  2.944368  2.081784    
 1.83     -75.2 .000000 
    5   2 
    643.524  1093.488    20.038  10.52779  5.017008  3.563112    
  .00    -100.5 .000000 
    5   2 
    649.821  1086.021    17.648   8.91540  6.547104  5.382768    
  .00    -135.3 .000000 
    5   2 
    656.253  1077.145    15.639   7.82422  7.278624  6.982968    
  .00    -181.3 .000000 
    2   2 
    662.071  1068.836     7.355    -233.3 .000000 
    2   2 
    678.863  1035.130     6.800        .0 .000000 
    2   2 
    685.310  1021.130     6.800     337.0 .000000 
    2   2 
    695.500  1002.130     6.248     153.0 .000000 
    2   2 
    709.710   983.130     6.248     102.0 .000000 
    2   2 
    714.670   978.130     6.248      93.8 .000000 
    2   2 
    720.490   973.130     6.248      87.1 .000000 
    2   2 
    732.700   965.130     6.248      78.3 .000000 
    2   2 
    744.290   960.130     6.248      73.7 .000000 
    2   2 
    747.520   959.130     6.248      72.9 .000000 
    2   2 
    756.880   957.130     6.248      71.2 .000000 
    2   2 
    762.690   956.530     6.248      70.7 .000000 
    2   2 
    767.060   956.400     6.248        .0 .000000 
    2   2 
    796.052   956.270     6.248        .0 .000000 
    2   2 
    800.100   956.255     6.248        .0 .000000 
    2   2 
    801.014   956.252     6.248        .0 .000000 
    2   2 
    807.720   956.228     6.248        .0 .000000 
    2   2 
    822.960   956.175     6.248        .0 .000000 
    2   2 
    853.440   956.069     6.248        .0 .000000 
    2   2 
    944.880   955.749     6.248        .0 .000000 
    2   2 
   1021.080   955.481     6.248        .0 .000000 
    2   2 
   1097.280   955.215     6.248        .0 .000000 
    2   2 
   1112.520   955.164     6.248        .0 .000000 
