    283.168     .7437 .30480000   1   0   .785000   609.600  1127.760
               GLEN CANYON  LEFT SPILLWAY TUNNEL             
   27
    5   2
    637.468  1099.481    22.372    12.655     2.944     2.082     1.830     -75.2   .000000
    5   2
    643.524  1093.488    20.038    10.528     5.017     3.563      .000    -100.5   .000000
    5   2
    649.821  1086.021    17.648     8.915     6.547     5.383      .000    -135.3   .000000
    5   2
    656.253  1077.145    15.639     7.824     7.279     6.983      .000    -181.3   .000000
    2   2
     662.07   1068.84      7.36    -233.3   .000000
    2   2
     678.86   1044.86      6.80        .0   .000000
    2   2
     685.80   1034.95      6.80        .0   .000000
    2   2
     695.65   1020.88      6.25        .0   .000000
    2   2
     709.04   1001.76      6.25        .0   .000000
    2   2
     714.76    994.31      6.25     106.7   .000000
    2   2
     720.85    987.65      6.25     106.7   .000000
    2   2
     732.62    977.45      6.25     106.7   .000000
    2   2
     743.71    970.20      6.25     106.7   .000000
    2   2
     746.76    968.54      6.25     106.7   .000000
    2   2
     754.38    964.90      6.25     106.7   .000000
    2   2
     762.63    961.76      6.25     106.7   .000000
    2   2
     778.76    957.74      6.25     106.7   .000000
    2   2
     796.05    956.27      6.25     106.7   .000000
    2   2
     800.10    956.26      6.25        .0   .000000
    2   2
     801.01    956.25      6.25        .0   .000000
    2   2
     807.72    956.23      6.25        .0   .000000
    2   2
     822.96    956.17      6.25        .0   .000000
    2   2
     853.44    956.07      6.25        .0   .000000
    2   2
     944.88    955.75      6.25        .0   .000000
    2   2
    1021.08    955.48      6.25        .0   .000000
    2   2
    1097.28    955.22      6.25        .0   .000000
    2   2
    1112.52    955.16      6.25        .0   .000000
