1                                          STATION GEOMETRY FOR WATER SURFACE PROFILE PROGRAM
                                                   GLEN CANYON  LEFT SPILLWAY TUNNEL             
 
       STA     INVERT ELEV     WIDTH     SIDE SLOPE    RADIUS   UPPER RADIUS CL HEIGHT  LOWER RADIUS    WALL   RAD CURV  RUGOSITY
                               OR R2                                                                     OR C2 
 
      637.47     1099.48       22.37                               12.66        2.94        2.08        1.83     -75.2     .0003
      643.52     1093.49       20.04                               10.53        5.02        3.56         .00    -100.5     .0003
      649.82     1086.02       17.65                                8.92        6.55        5.38         .00    -135.3     .0003
      656.25     1077.15       15.64                                7.82        7.28        6.98         .00    -181.3     .0003
      662.07     1068.84                                7.36                                                    -233.3     .0003
      678.86     1044.86                                6.80                                                        .0     .0003
      685.80     1034.95                                6.80                                                        .0     .0003
      695.65     1020.88                                6.25                                                        .0     .0003
      709.04     1001.76                                6.25                                                        .0     .0003
      714.76      994.31                                6.25                                                     106.7     .0003
      720.85      987.65                                6.25                                                     106.7     .0003
      732.62      977.45                                6.25                                                     106.7     .0003
      743.71      970.20                                6.25                                                     106.7     .0003
      746.76      968.54                                6.25                                                     106.7     .0003
      754.38      964.90                                6.25                                                     106.7     .0003
      762.63      961.76                                6.25                                                     106.7     .0003
      778.76      957.74                                6.25                                                     106.7     .0003
      796.05      956.27                                6.25                                                     106.7     .0003
      800.10      956.26                                6.25                                                        .0     .0003
      801.01      956.25                                6.25                                                        .0     .0003
      807.72      956.23                                6.25                                                        .0     .0003
      822.96      956.17                                6.25                                                        .0     .0003
      853.44      956.07                                6.25                                                        .0     .0003
      944.88      955.75                                6.25                                                        .0     .0003
     1021.08      955.48                                6.25                                                        .0     .0003
     1097.28      955.22                                6.25                                                        .0     .0003
     1112.52      955.16                                6.25                                                        .0     .0003
