    283.168     .7437 .30480000   1   0   .785000   609.600  
1127.760  
   GLEN CANYON - TRIANGULAR PRESSURE               
   27  
    5   2  
    637.468  1099.481    22.372  12.65530  2.944368  2.081784    

 1.83     -75.2 .000000  
    5   2  
    643.524  1093.488    20.038  10.52779  5.017008  3.563112    

  .00    -100.5 .000000  
    5   2  
    649.821  1086.021    17.648   8.91540  6.547104  5.382768    

  .00    -135.3 .000000  
    5   2  
    656.253  1077.145    15.639   7.82422  7.278624  6.982968    

  .00    -181.3 .000000  
    2   2  
    662.071  1068.836     7.355    -233.3 .000000  
    2   2  
    678.860  1035.130     6.800        .0 .000000  
    2   2  
    684.650  1022.520     6.800     173.0 .000000  
    2   2  
    695.810  1001.540     6.248      69.3 .000000  
    2   2  
    710.220   982.680     6.248      43.3 .000000  
    2   2  
    715.970   977.240     6.248      38.5 .000000  
    2   2  
    722.250   972.410     6.248      34.7 .000000  
    2   2  
    732.550   966.500     6.248      40.8 .000000  
    2   2  
    743.620   962.200     6.248      49.5 .000000  
    2   2  
    747.420   961.090     6.248      53.3 .000000  
    2   2  
    755.140   959.300     6.248      63.0 .000000  
    2   2  
    762.960   958.020     6.248      77.0 .000000  
    2   2  
    778.750   956.660     6.248     139.0 .000000  
    2   2  
    794.600   956.290     6.248     693.0 .000000  
    2   2  
    800.100   956.255     6.248        .0 .000000  
    2   2  
    801.014   956.252     6.248        .0 .000000  
    2   2  
    807.720   956.228     6.248        .0 .000000  
    2   2  
    822.960   956.175     6.248        .0 .000000  
    2   2  
    853.440   956.069     6.248        .0 .000000  
    2   2  
    944.880   955.749     6.248        .0 .000000  
    2   2  
   1021.080   955.481     6.248        .0 .000000  
    2   2  
   1097.280   955.215     6.248        .0 .000000  
    2   2  
   1112.520   955.164     6.248        .0 .000000  
