     28.317     .5456 .30480000   1   0  1.428150   374.206  2284.476
                    BLUE MESA DAM SPILLWAY                   
   25
    2   2
     407.43   2249.91      3.76        .0   .000000
    2   2
     416.18   2237.43      3.57        .0   .000000
    2   2
     424.92   2224.94      3.39        .0   .000000
    2   2
     433.66   2212.45      3.20        .0   .000000
    2   2
     440.13   2204.90      3.20      51.2   .000000
    2   2
     447.14   2199.26      3.20      51.2   .000000
    2   2
     453.54   2195.61      3.20      51.2   .000000
    2   2
     460.25   2192.98      3.20      51.2   .000000
    2   2
     466.95   2191.35      3.20      51.2   .000000
    2   2
     473.88   2190.65      3.20      51.2   .000000
    2   2
     480.67   2190.42      3.20        .0   .000000
    2   2
     487.68   2190.18      3.20        .0   .000000
    2   2
     518.16   2189.15      3.20        .0   .000000
    2   2
     548.64   2188.11      3.20        .0   .000000
    2   2
     579.12   2187.08      3.20        .0   .000000
    2   2
     609.60   2186.05      3.20        .0   .000000
    2   2
     640.08   2185.01      3.20        .0   .000000
    2   2
     670.56   2183.98      3.20        .0   .000000
    2   2
     710.18   2182.64      3.20        .0   .000000
    2   2
     749.81   2181.30      3.20        .0   .000000
    2   2
     757.17   2181.05      3.20        .0   .000000
    5   2
    760.476  2181.149     6.273      .000     -.305     3.136      .000      25.6   .000000
    5   2
    763.524  2181.627     6.120      .000     -.305     3.060      .000      25.6   .000000
    5   2
    766.572  2182.496     5.962      .000     -.305     2.981      .000      25.6   .000000
    5   2
    769.620  2183.804     5.639      .000     -.305     2.880      .000      25.6   .000000
       .094     .0866 .00152400   1   0  1.428150    17.077   104.251
               BLUE MESA DAM SPILLWAY MODEL                  
   14
    2   2
      18.59    102.68       .17        .0   .000000
    2   2
      18.99    102.11       .16        .0   .000000
    2   2
      19.39    101.54       .16       4.7   .000000
    2   2
      19.79    100.96       .15       2.3   .000000
    2   2
      20.41    100.36       .15       2.3   .000000
    2   2
      21.00    100.08       .15       2.3   .000000
    2   2
      21.63     99.97       .15       4.7   .000000
    2   2
      22.25     99.95       .15        .0   .000000
    2   2
      25.04     99.85       .15        .0   .000000
    2   2
      27.82     99.76       .15        .0   .000000
    2   2
      30.60     99.67       .15        .0   .000000
    2   2
      34.22     99.54       .15        .0   .000000
    2   2
      34.55     99.53       .15        .0   .000000
    5   2
     35.121    99.658      .292      .000     -.305      .146      .000       1.2   .000000
     56.634     .8589 .30480000   1   0  1.428100    30.480  1833.372
                  FLAMING GORGE DAM SPILLWAY                 
   20
    2   2
      53.33   1814.31      4.04        .0   .000000
    2   2
      60.96   1803.42      3.79        .0   .000000
    2   2
      70.10   1790.36      3.48        .0   .000000
    2   2
      79.25   1777.30      3.18        .0   .000000
    2   2
      81.00   1774.80      3.12        .0   .000000
    2   2
      94.83   1755.05      2.93        .0   .000000
    2   2
     108.65   1735.30      2.74        .0   .000000
    2   2
     116.88   1725.81      2.74      61.0   .000000
    2   2
     125.10   1719.33      2.74      61.0   .000000
    2   2
     133.33   1714.79      2.74      61.0   .000000
    2   2
     141.54   1711.75      2.74      61.0   .000000
    2   2
     149.76   1709.95      2.74      61.0   .000000
    2   2
     157.98   1709.31      2.74      61.0   .000000
    2   2
     163.07   1709.26      2.74        .0   .000000
    2   2
      16.76       .00   1709.21       2.7   .000000
    2   2
     193.29   1708.96      2.74        .0   .000000
    2   2
     213.36   1708.76      2.74        .0   .000000
    2   2
     228.60   1708.60      2.74        .0   .000000
    1   2
     236.22   1709.24      5.49       .00      45.7   .000000
    1   2
     243.84   1711.22      5.49       .00      45.7   .000000
    283.168     .7437 .30480000   1   0   .785000   609.600  1127.760
 GLEN CANYON SPILLWAY - CONTROLLED PRESSURE (SINUSOIDAL)     
   27
    5   2
    637.468  1099.481    22.372    12.655     2.944     2.082     1.830     -75.2   .000000
    5   2
    643.524  1093.488    20.038    10.528     5.017     3.563      .000    -100.5   .000000
    5   2
    649.821  1086.021    17.648     8.915     6.547     5.383      .000    -135.3   .000000
    5   2
    656.253  1077.145    15.639     7.824     7.279     6.983      .000    -181.3   .000000
    2   2
     662.07   1068.84      7.36    -233.3   .000000
    2   2
     678.86   1035.13      6.80        .0   .000000
    2   2
     684.64   1022.38      6.80     366.0   .000000
    2   2
     695.31   1000.89      6.25      70.0   .000000
    2   2
     709.22    981.40      6.25      38.7   .000000
    2   2
     714.96    975.84      6.25      35.9   .000000
    2   2
     721.28    970.93      6.25      35.0   .000000
    2   2
     731.69    965.00      6.25      37.0   .000000
    2   2
     742.92    960.83      6.25      44.1   .000000
    2   2
     746.79    959.81      6.25      48.1   .000000
    2   2
     754.64    958.27      6.25      60.5   .000000
    2   2
     762.58    957.29      6.25      83.0   .000000
    2   2
     778.55    956.44      6.25     239.0   .000000
    2   2
     794.55    956.27      6.25    5680.0   .000000
    2   2
     800.10    956.26      6.25        .0   .000000
    2   2
     801.01    956.25      6.25        .0   .000000
    2   2
     807.72    956.23      6.25        .0   .000000
    2   2
     822.96    956.17      6.25        .0   .000000
    2   2
     853.44    956.07      6.25        .0   .000000
    2   2
     944.88    955.75      6.25        .0   .000000
    2   2
    1021.08    955.48      6.25        .0   .000000
    2   2
    1097.28    955.22      6.25        .0   .000000
    2   2
    1112.52    955.16      6.25        .0   .000000
    283.168     .7437 .30480000   1   0   .785000   609.600  1127.760
   GLEN CANYON SPILLWAY - CONTROLLED PRESSURE (TRINAGULAR)   
   27
    5   2
    637.468  1099.481    22.372    12.655     2.944     2.082     1.830     -75.2   .000000
    5   2
    643.524  1093.488    20.038    10.528     5.017     3.563      .000    -100.5   .000000
    5   2
    649.821  1086.021    17.648     8.915     6.547     5.383      .000    -135.3   .000000
    5   2
    656.253  1077.145    15.639     7.824     7.279     6.983      .000    -181.3   .000000
    2   2
     662.07   1068.84      7.36    -233.3   .000000
    2   2
     678.86   1035.13      6.80        .0   .000000
    2   2
     684.65   1022.52      6.80     173.0   .000000
    2   2
     695.81   1001.54      6.25      69.3   .000000
    2   2
     710.22    982.68      6.25      43.3   .000000
    2   2
     715.97    977.24      6.25      38.5   .000000
    2   2
     722.25    972.41      6.25      43.7   .000000
    2   2
     732.55    966.50      6.25      40.8   .000000
    2   2
     743.62    962.20      6.25      49.5   .000000
    2   2
     747.42    961.09      6.25      53.3   .000000
    2   2
     755.14    959.30      6.25      63.0   .000000
    2   2
     762.96    958.02      6.25      77.0   .000000
    2   2
     778.75    956.66      6.25     139.0   .000000
    2   2
     794.60    956.29      6.25     693.0   .000000
    2   2
     800.10    956.26      6.25        .0   .000000
    2   2
     801.01    956.25      6.25        .0   .000000
    2   2
     807.72    956.23      6.25        .0   .000000
    2   2
     822.96    956.17      6.25        .0   .000000
    2   2
     853.44    956.07      6.25        .0   .000000
    2   2
     944.88    955.75      6.25        .0   .000000
    2   2
    1021.08    955.48      6.25        .0   .000000
    2   2
    1097.28    955.22      6.25        .0   .000000
    2   2
    1112.52    955.16      6.25        .0   .000000
    283.168     .7437 .30480000   1   0   .785000   609.600  1127.760
     GLEN CANYON SPILLWAY - EQUAL CAVITATION NUMBER          
   27
    5   2
    637.468  1099.481    22.372    12.655     2.944     2.082     1.830     -75.2   .000000
    5   2
    643.524  1093.488    20.038    10.528     5.017     3.563      .000    -100.5   .000000
    5   2
    649.821  1086.021    17.648     8.915     6.547     5.383      .000    -135.3   .000000
    5   2
    656.253  1077.145    15.639     7.824     7.279     6.983      .000    -181.3   .000000
    2   2
     662.07   1068.84      7.36    -233.3   .000000
    2   2
     678.86   1035.13      6.80        .0   .000000
    2   2
     685.31   1021.13      6.80     337.0   .000000
    2   2
     695.50   1002.13      6.25     153.0   .000000
    2   2
     709.71    983.13      6.25     102.0   .000000
    2   2
     714.67    978.13      6.25      93.8   .000000
    2   2
     720.49    973.13      6.25      87.1   .000000
    2   2
     732.70    965.13      6.25      78.3   .000000
    2   2
     744.29    960.13      6.25      73.7   .000000
    2   2
     747.52    959.13      6.25      72.9   .000000
    2   2
     756.88    957.13      6.25      71.2   .000000
    2   2
     762.69    956.53      6.25      70.7   .000000
    2   2
     767.06    956.40      6.25        .0   .000000
    2   2
     796.05    956.27      6.25        .0   .000000
    2   2
     800.10    956.26      6.25        .0   .000000
    2   2
     801.01    956.25      6.25        .0   .000000
    2   2
     807.72    956.23      6.25        .0   .000000
    2   2
     822.96    956.17      6.25        .0   .000000
    2   2
     853.44    956.07      6.25        .0   .000000
    2   2
     944.88    955.75      6.25        .0   .000000
    2   2
    1021.08    955.48      6.25        .0   .000000
    2   2
    1097.28    955.22      6.25        .0   .000000
    2   2
    1112.52    955.16      6.25        .0   .000000
    184.060     .5121 .30480000   1   0   .785000   609.600  1127.760
               GLEN CANYON  LEFT SPILLWAY TUNNEL             
   31
    5   2
    637.468  1099.481    22.372    12.655     2.944     2.082     1.830     -75.2   .000000
    5   2
    643.524  1093.488    20.038    10.528     5.017     3.563      .000    -100.5   .000000
    5   2
    649.821  1086.021    17.648     8.915     6.547     5.383      .000    -135.3   .000000
    5   2
    656.253  1077.145    15.639     7.824     7.279     6.983      .000    -181.3   .000000
    2   2
     662.07   1068.84      7.36    -233.3   .000000
    2   2
     678.86   1044.86      6.80        .0   .000000
    2   2
     685.80   1034.95      6.80        .0   .000000
    2   2
     695.65   1020.88      6.25        .0   .000000
    2   2
     709.04   1001.76      6.25        .0   .000000
    2   2
     714.76    994.31      6.25     106.7   .000000
    2   2
     720.85    987.65      6.25     106.7   .000000
    2   2
     732.62    977.45      6.25     106.7   .000000
    2   2
     743.71    970.20      6.25     106.7   .000000
    2   2
     746.76    968.54      6.25     106.7   .000000
    2   2
     754.38    964.90      6.25     106.7   .000000
    2   2
     762.63    961.76      6.25     106.7   .000000
    2   2
     778.76    957.74      6.25     106.7   .000000
    2   2
     796.05    956.27      6.25     106.7   .000000
    2   2
     800.10    956.26      6.25        .0   .000000
    2   2
     801.01    956.25      6.25        .0   .000000
    2   2
     807.72    956.23      6.25        .0   .000000
    2   2
     822.96    956.17      6.25        .0   .000000
    2   2
     853.44    956.07      6.25        .0   .000000
    2   2
     944.88    955.75      6.25        .0   .000000
    2   2
    1021.08    955.48      6.25        .0   .000000
    2   2
    1097.28    955.22      6.25        .0   .000000
    2   2
    1112.52    955.16      6.25        .0   .000000
    2   2
    1126.54    955.11      6.25      66.4   .000000
    5   1
   1135.685   956.395    12.497      .000     -.305     2.454      .000      33.2   .000000
    5   1
   1140.549   958.212    12.497      .000     -.305      .850      .000      33.2   .000000
    1   2
    1147.11    962.25     12.50       .00      33.2   .000000
    283.168    1.3411 .30480000   1   0   .519000   167.640   355.275
                HOOVER DAM - NEVADA SPILLWAY                 
   18
    1   2
     201.17    340.29     15.19       .50     -92.4   .000000
    2   2
     232.56    316.36      9.14    -184.1   .000000
    2   2
     251.46    294.96      8.46        .0   .000000
    2   2
     274.44    267.58      7.62        .0   .000000
    2   2
     297.18    240.48      7.62        .0   .000000
    2   2
     316.41    217.57      7.62        .0   .000000
    2   2
     329.18    205.77      7.62      68.6   .000000
    2   2
     342.57    198.34      7.62      68.6   .000000
    2   2
     355.09    194.48      7.62      68.6   .000000
    2   2
     368.72    193.07      7.62      68.6   .000000
    2   2
     382.52    193.02      7.62        .0   .000000
    2   2
     396.24    192.98      7.62        .0   .000000
    2   2
     426.72    192.88      7.62        .0   .000000
    2   2
     457.20    192.78      7.62        .0   .000000
    2   2
     609.60    192.28      7.62        .0   .000000
    2   2
     762.00    191.78      7.62        .0   .000000
    2   2
     914.40    191.29      7.62        .0   .000000
    2   2
    1063.26    190.80      7.62        .0   .000000
    424.753    1.8898 .30480000   1   0   .519000   167.640   355.884
                HOOVER DAM - ARIZONA SPILLWAY                
   26
    1   2
     201.17    340.29     15.19       .50     -92.4   .000000
    1   2
     220.98    326.97      9.60       .50     -92.4   .000000
    2   2
     232.56    316.36      9.14    -184.1   .000000
    2   2
     244.60    303.14      8.53        .0   .000000
    2   2
     251.46    294.96      8.46        .0   .000000
    2   2
     264.49    279.43      7.80        .0   .000000
    2   2
     266.74    276.76      7.76        .0   .000000
    2   2
     274.44    267.58      7.62        .0   .000000
    2   2
     297.18    240.48      7.62        .0   .000000
    2   2
     317.00    216.86      7.62        .0   .000000
    2   2
     328.73    205.82      7.62      76.2   .000000
    2   2
     340.45    198.83      7.62      68.6   .000000
    2   2
     354.79    193.96      7.62      68.6   .000000
    2   2
     369.32    192.35      7.62      68.6   .000000
    2   2
     381.00    192.31      7.62        .0   .000000
    2   2
     396.24    192.26      7.62        .0   .000000
    2   2
     426.72    192.16      7.62        .0   .000000
    2   2
     457.20    192.06      7.62        .0   .000000
    2   2
     521.78    191.85      7.62        .0   .000000
    2   2
     674.24    191.35      7.62        .0   .000000
    2   2
     792.86    190.91      7.62        .0   .000000
    5   1
    799.466   191.104    14.630     7.620     7.431     7.010      .000      97.7   .000000
    5   1
    806.068   191.680    14.508     7.620     6.855     5.944      .000      97.7   .000000
    5   1
    812.673   192.643    14.143     7.620     5.892     4.694      .000      97.7   .000000
    5   1
    819.278   194.005    13.777     7.620     4.529     3.719      .000      97.7   .000000
    5   1
    825.170   196.413    13.411     7.620     2.121     2.451      .000      97.7   .000000
    141.584    1.2040 .30480000   1   0  1.190000    30.480  1874.520
                           KORTES DAM SPILLWAY               
   20
    6   2
      49.94   1853.87     10.06     26.65      14.8   .000000
    6   2
      53.34   1849.82      9.28     24.99      13.3   .000000
    6   2
      57.91   1844.37      8.23     22.76      11.6   .000000
    6   2
      62.48   1838.92      7.18     20.54      10.4   .000000
    6   2
      67.06   1833.47      6.13     18.31       9.6   .000000
    6   2
      70.10   1829.84      5.43     16.82       9.3   .000000
    2   2
      75.22   1823.74      4.57        .0   .000000
    2   2
      78.49   1820.45      4.57      27.4   .000000
    2   2
      81.99   1817.93      4.57      27.4   .000000
    2   2
      85.19   1816.26      4.57      27.4   .000000
    2   2
      88.39   1815.08      4.57      27.4   .000000
    2   2
      92.05   1814.26      4.57      27.4   .000000
    2   2
      95.69   1813.94      4.57      27.4   .000000
    2   2
     100.58   1813.85      4.57      27.4   .000000
    2   2
     106.68   1813.72      4.57        .0   .000000
    2   2
     121.92   1813.42      4.57        .0   .000000
    2   2
     137.16   1813.11      4.57        .0   .000000
    2   2
     152.40   1812.81      4.57        .0   .000000
    2   2
     167.64   1812.51      4.57        .0   .000000
    2   2
     191.11   1812.04      4.57        .0   .000000
    113.267     .4267 .30480000   1   0   .360000   152.400  1115.568
                  YELLOWTAIL TUNNEL SPILLWAY                 
   25
    5   2
    166.116  1092.677    18.069    10.464     6.300      .000     2.740     -45.7   .000000
    5   2
    178.003  1086.542    14.649     7.879     6.760     2.554     1.220     -66.6   .000000
    5   2
    190.195  1076.423    12.805     6.407     6.623     5.410      .000    -106.5   .000000
    2   2
     198.12   1067.71      6.17    -145.2   .000000
    2   2
     206.81   1056.29      5.92    -201.2   .000000
    2   2
     218.85   1039.11      5.57        .0   .000000
    2   2
     231.04   1021.69      5.21        .0   .000000
    2   2
     242.34   1005.55      4.88        .0   .000000
    2   2
     252.98    993.01      4.88      88.4   .000000
    2   2
     265.18    983.06      4.88      88.4   .000000
    2   2
     277.37    976.15      4.88      88.4   .000000
    2   2
     289.56    971.52      4.88      88.4   .000000
    2   2
     301.75    968.82      4.88      88.4   .000000
    2   2
     314.39    967.86      4.88      88.4   .000000
    2   2
     324.61    967.82      4.88        .0   .000000
    2   2
     335.28    967.78      4.88        .0   .000000
    2   2
     365.76    967.66      4.88        .0   .000000
    2   2
     426.72    967.41      4.88        .0   .000000
    2   2
     487.68    967.17      4.88        .0   .000000
    2   2
     548.64    966.93      4.88        .0   .000000
    2   2
     609.60    966.68      4.88        .0   .000000
    2   2
     633.36    966.59      4.88        .0   .000000
    2   2
     649.22    966.02      4.88    -248.4   .000000
    2   2
     664.46    964.51      4.88    -248.4   .000000
    2   2
     680.62    961.86      4.88    -248.4   .000000
